Winner, Turns, ComLvl, PlayerLvl
0, 50, 1, 1
0, 48, 1, 1
2, 34, 1, 1
0, 48, 1, 1
0, 52, 1, 1
0, 56, 1, 1
0, 53, 1, 1
0, 53, 1, 1
0, 51, 1, 1
0, 60, 1, 1
0, 45, 1, 1
0, 43, 1, 1
1, 35, 1, 1
0, 46, 1, 1
0, 52, 1, 1
0, 60, 1, 1
0, 55, 1, 1
0, 62, 1, 1
0, 73, 1, 1
0, 49, 1, 1
0, 54, 1, 1
0, 50, 1, 1
0, 44, 1, 1
1, 57, 1, 1
0, 53, 1, 1
0, 60, 1, 1
0, 52, 1, 1
0, 46, 1, 1
0, 54, 1, 1
0, 51, 1, 1
0, 57, 1, 1
0, 47, 1, 1
0, 53, 1, 1
0, 45, 1, 1
0, 55, 1, 1
2, 36, 1, 1
0, 49, 1, 1
0, 47, 1, 1
0, 43, 1, 1
2, 26, 1, 1
0, 50, 1, 1
0, 54, 1, 1
1, 41, 1, 1
0, 47, 1, 1
0, 60, 1, 1
0, 59, 1, 1
0, 52, 1, 1
0, 48, 1, 1
0, 53, 1, 1
0, 49, 1, 1
0, 55, 1, 1
0, 45, 1, 1
0, 58, 1, 1
0, 47, 1, 1
0, 50, 1, 1
0, 55, 1, 1
0, 57, 1, 1
0, 52, 1, 1
0, 49, 1, 1
0, 49, 1, 1
0, 44, 1, 1
0, 45, 1, 1
0, 48, 1, 1
0, 55, 1, 1
0, 46, 1, 1
0, 50, 1, 1
0, 54, 1, 1
0, 51, 1, 1
0, 51, 1, 1
0, 50, 1, 1
0, 51, 1, 1
0, 49, 1, 1
0, 45, 1, 1
0, 45, 1, 1
0, 50, 1, 1
0, 52, 1, 1
0, 49, 1, 1
0, 50, 1, 1
0, 47, 1, 1
0, 50, 1, 1
0, 49, 1, 1
0, 44, 1, 1
0, 51, 1, 1
0, 51, 1, 1
0, 51, 1, 1
0, 52, 1, 1
0, 49, 1, 1
0, 50, 1, 1
0, 52, 1, 1
0, 44, 1, 1
0, 50, 1, 1
0, 41, 1, 1
0, 38, 1, 1
0, 52, 1, 1
0, 53, 1, 1
0, 58, 1, 1
0, 50, 1, 1
0, 49, 1, 1
1, 41, 1, 1
2, 12, 1, 1
0, 42, 1, 1
0, 54, 1, 1
2, 26, 1, 1
0, 36, 1, 1
0, 51, 1, 1
0, 54, 1, 1
0, 57, 1, 1
0, 61, 1, 1
0, 48, 1, 1
0, 47, 1, 1
0, 57, 1, 1
0, 46, 1, 1
0, 53, 1, 1
0, 50, 1, 1
0, 55, 1, 1
0, 60, 1, 1
0, 49, 1, 1
0, 43, 1, 1
0, 55, 1, 1
0, 44, 1, 1
0, 57, 1, 1
0, 47, 1, 1
0, 52, 1, 1
0, 46, 1, 1
0, 44, 1, 1
0, 54, 1, 1
0, 59, 1, 1
0, 53, 1, 1
0, 49, 1, 1
1, 41, 1, 1
0, 50, 1, 1
0, 47, 1, 1
0, 56, 1, 1
0, 46, 1, 1
0, 47, 1, 1
0, 55, 1, 1
0, 47, 1, 1
0, 56, 1, 1
0, 59, 1, 1
0, 51, 1, 1
0, 58, 1, 1
0, 39, 1, 1
0, 59, 1, 1
0, 53, 1, 1
2, 26, 1, 1
0, 48, 1, 1
2, 32, 1, 1
0, 62, 1, 1
0, 51, 1, 1
0, 41, 1, 1
0, 47, 1, 1
0, 47, 1, 1
0, 45, 1, 1
0, 43, 1, 1
0, 52, 1, 1
0, 53, 1, 1
0, 53, 1, 1
0, 52, 1, 1
1, 27, 1, 1
0, 38, 1, 1
0, 50, 1, 1
0, 47, 1, 1
0, 87, 1, 1
0, 46, 1, 1
0, 67, 1, 1
0, 55, 1, 1
0, 70, 1, 1
0, 70, 1, 1
0, 56, 1, 1
0, 48, 1, 1
0, 41, 1, 1
0, 60, 1, 1
0, 36, 1, 1
0, 57, 1, 1
0, 49, 1, 1
0, 53, 1, 1
0, 66, 1, 1
0, 43, 1, 1
0, 50, 1, 1
0, 56, 1, 1
0, 38, 1, 1
0, 43, 1, 1
0, 46, 1, 1
0, 62, 1, 1
0, 59, 1, 1
0, 51, 1, 1
0, 46, 1, 1
1, 33, 1, 1
0, 56, 1, 1
0, 44, 1, 1
0, 46, 1, 1
0, 46, 1, 1
0, 52, 1, 1
2, 44, 1, 1
0, 45, 1, 1
0, 61, 1, 1
0, 59, 1, 1
0, 51, 1, 1
0, 65, 1, 1
0, 59, 1, 1
0, 33, 3, 3
0, 29, 3, 3
0, 28, 3, 3
0, 33, 3, 3
0, 28, 3, 3
2, 16, 3, 3
0, 28, 3, 3
0, 29, 3, 3
0, 31, 3, 3
0, 33, 3, 3
0, 32, 3, 3
2, 2, 3, 3
0, 31, 3, 3
0, 29, 3, 3
0, 28, 3, 3
0, 27, 3, 3
0, 30, 3, 3
0, 28, 3, 3
0, 30, 3, 3
0, 30, 3, 3
0, 30, 3, 3
2, 30, 3, 3
0, 35, 3, 3
0, 29, 3, 3
0, 32, 3, 3
0, 31, 3, 3
0, 31, 3, 3
0, 33, 3, 3
0, 29, 3, 3
1, 17, 3, 3
0, 31, 3, 3
0, 29, 3, 3
0, 30, 3, 3
1, 1, 3, 3
0, 30, 3, 3
1, 5, 3, 3
0, 29, 3, 3
0, 29, 3, 3
0, 29, 3, 3
0, 34, 3, 3
0, 29, 3, 3
0, 33, 3, 3
0, 29, 3, 3
0, 33, 3, 3
0, 33, 3, 3
0, 28, 3, 3
0, 29, 3, 3
0, 27, 3, 3
0, 26, 3, 3
0, 26, 3, 3
0, 30, 3, 3
0, 29, 3, 3
0, 28, 3, 3
0, 30, 3, 3
0, 28, 3, 3
0, 31, 3, 3
0, 32, 3, 3
0, 30, 3, 3
2, 28, 3, 3
2, 6, 3, 3
1, 19, 3, 3
0, 28, 3, 3
0, 32, 3, 3
0, 30, 3, 3
0, 29, 3, 3
0, 29, 3, 3
2, 10, 3, 3
0, 31, 3, 3
0, 31, 3, 3
0, 28, 3, 3
0, 29, 3, 3
0, 31, 3, 3
0, 29, 3, 3
1, 9, 3, 3
0, 28, 3, 3
0, 30, 3, 3
0, 31, 3, 3
0, 29, 3, 3
0, 29, 3, 3
0, 31, 3, 3
0, 28, 3, 3
0, 29, 3, 3
0, 27, 3, 3
0, 36, 3, 3
0, 27, 3, 3
0, 30, 3, 3
0, 29, 3, 3
0, 31, 3, 3
0, 28, 3, 3
0, 30, 3, 3
1, 7, 3, 3
0, 30, 3, 3
0, 32, 3, 3
0, 32, 3, 3
0, 27, 3, 3
0, 29, 3, 3
0, 30, 3, 3
1, 5, 3, 3
0, 28, 3, 3
0, 28, 3, 3
0, 31, 3, 3
0, 31, 3, 3
0, 33, 3, 3
0, 31, 3, 3
0, 31, 3, 3
0, 29, 3, 3
0, 30, 3, 3
0, 28, 3, 3
0, 30, 3, 3
0, 33, 3, 3
0, 28, 3, 3
0, 27, 3, 3
0, 32, 3, 3
0, 28, 3, 3
0, 28, 3, 3
0, 28, 3, 3
0, 29, 3, 3
0, 28, 3, 3
0, 27, 3, 3
0, 29, 3, 3
0, 27, 3, 3
0, 29, 3, 3
0, 30, 3, 3
0, 30, 3, 3
0, 28, 3, 3
0, 29, 3, 3
0, 32, 3, 3
2, 18, 3, 3
0, 27, 3, 3
0, 29, 3, 3
1, 7, 3, 3
0, 30, 3, 3
0, 29, 3, 3
0, 30, 3, 3
0, 28, 3, 3
0, 33, 3, 3
0, 28, 3, 3
0, 32, 3, 3
0, 33, 3, 3
0, 27, 3, 3
0, 29, 3, 3
0, 29, 3, 3
0, 28, 3, 3
2, 12, 3, 3
0, 28, 3, 3
0, 29, 3, 3
0, 34, 3, 3
0, 30, 3, 3
0, 30, 3, 3
0, 27, 3, 3
0, 29, 3, 3
0, 29, 3, 3
0, 33, 3, 3
0, 27, 3, 3
0, 31, 3, 3
0, 30, 3, 3
0, 29, 3, 3
0, 30, 3, 3
0, 31, 3, 3
0, 31, 3, 3
0, 30, 3, 3
0, 29, 3, 3
0, 27, 3, 3
0, 30, 3, 3
0, 32, 3, 3
0, 30, 3, 3
0, 29, 3, 3
0, 32, 3, 3
0, 30, 3, 3
0, 30, 3, 3
0, 32, 3, 3
0, 30, 3, 3
0, 27, 3, 3
2, 4, 3, 3
1, 5, 3, 3
0, 29, 3, 3
0, 27, 3, 3
0, 28, 3, 3
0, 30, 3, 3
0, 31, 3, 3
0, 28, 3, 3
0, 29, 3, 3
0, 30, 3, 3
2, 10, 3, 3
0, 27, 3, 3
0, 30, 3, 3
0, 32, 3, 3
0, 29, 3, 3
0, 31, 3, 3
0, 30, 3, 3
0, 30, 3, 3
0, 29, 3, 3
0, 29, 3, 3
0, 27, 3, 3
0, 30, 3, 3
2, 20, 3, 3
0, 28, 3, 3
0, 31, 3, 3
0, 29, 3, 3
2, 12, 3, 3
0, 31, 2, 2
2, 16, 2, 2
0, 26, 2, 2
0, 31, 2, 2
0, 33, 2, 2
0, 30, 2, 2
0, 27, 2, 2
0, 33, 2, 2
0, 29, 2, 2
0, 27, 2, 2
0, 31, 2, 2
0, 29, 2, 2
0, 29, 2, 2
0, 30, 2, 2
0, 29, 2, 2
2, 12, 2, 2
0, 31, 2, 2
0, 32, 2, 2
0, 28, 2, 2
0, 28, 2, 2
0, 29, 2, 2
0, 32, 2, 2
0, 27, 2, 2
0, 31, 2, 2
0, 30, 2, 2
0, 32, 2, 2
0, 30, 2, 2
0, 29, 2, 2
0, 27, 2, 2
0, 29, 2, 2
0, 31, 2, 2
0, 30, 2, 2
0, 28, 2, 2
0, 30, 2, 2
0, 31, 2, 2
0, 31, 2, 2
0, 30, 2, 2
1, 29, 2, 2
0, 28, 2, 2
1, 3, 2, 2
0, 30, 2, 2
2, 10, 2, 2
1, 29, 2, 2
1, 9, 2, 2
0, 35, 2, 2
0, 29, 2, 2
0, 32, 2, 2
0, 32, 2, 2
0, 34, 2, 2
0, 29, 2, 2
0, 28, 2, 2
0, 30, 2, 2
0, 32, 2, 2
0, 29, 2, 2
0, 29, 2, 2
0, 36, 2, 2
0, 30, 2, 2
0, 29, 2, 2
0, 31, 2, 2
0, 33, 2, 2
0, 31, 2, 2
0, 32, 2, 2
0, 30, 2, 2
0, 28, 2, 2
0, 30, 2, 2
0, 29, 2, 2
0, 30, 2, 2
1, 9, 2, 2
0, 30, 2, 2
0, 29, 2, 2
0, 33, 2, 2
0, 29, 2, 2
0, 28, 2, 2
0, 28, 2, 2
0, 30, 2, 2
0, 29, 2, 2
0, 28, 2, 2
1, 25, 2, 2
0, 29, 2, 2
0, 29, 2, 2
0, 28, 2, 2
0, 30, 2, 2
0, 30, 2, 2
1, 23, 2, 2
2, 24, 2, 2
0, 29, 2, 2
0, 33, 2, 2
0, 29, 2, 2
0, 32, 2, 2
0, 29, 2, 2
0, 28, 2, 2
0, 32, 2, 2
0, 32, 2, 2
1, 7, 2, 2
0, 29, 2, 2
0, 28, 2, 2
1, 27, 2, 2
0, 35, 2, 2
0, 28, 2, 2
0, 32, 2, 2
0, 29, 2, 2
1, 17, 2, 2
0, 28, 2, 2
2, 10, 2, 2
2, 16, 2, 2
0, 32, 2, 2
0, 33, 2, 2
0, 29, 2, 2
0, 30, 2, 2
1, 3, 2, 2
0, 31, 2, 2
0, 31, 2, 2
0, 31, 2, 2
0, 26, 2, 2
0, 30, 2, 2
1, 21, 2, 2
0, 32, 2, 2
0, 29, 2, 2
0, 27, 2, 2
2, 2, 2, 2
0, 30, 2, 2
0, 30, 2, 2
0, 28, 2, 2
2, 6, 2, 2
0, 28, 2, 2
2, 16, 2, 2
1, 27, 2, 2
0, 28, 2, 2
0, 30, 2, 2
0, 31, 2, 2
0, 27, 2, 2
0, 31, 2, 2
0, 31, 2, 2
2, 2, 2, 2
0, 33, 2, 2
0, 28, 2, 2
0, 33, 2, 2
0, 27, 2, 2
1, 13, 2, 2
0, 36, 2, 2
0, 28, 2, 2
2, 20, 2, 2
0, 28, 2, 2
0, 30, 2, 2
2, 6, 2, 2
0, 29, 2, 2
0, 29, 2, 2
0, 27, 2, 2
0, 30, 2, 2
0, 29, 2, 2
0, 32, 2, 2
0, 31, 2, 2
0, 33, 2, 2
0, 30, 2, 2
1, 1, 2, 2
0, 31, 2, 2
0, 32, 2, 2
1, 13, 2, 2
0, 29, 2, 2
0, 31, 2, 2
0, 31, 2, 2
0, 32, 2, 2
0, 27, 2, 2
0, 28, 2, 2
0, 29, 2, 2
1, 19, 2, 2
0, 32, 2, 2
0, 28, 2, 2
0, 31, 2, 2
0, 32, 2, 2
0, 34, 2, 2
2, 22, 2, 2
0, 31, 2, 2
0, 27, 2, 2
0, 30, 2, 2
0, 31, 2, 2
0, 29, 2, 2
0, 29, 2, 2
0, 32, 2, 2
0, 32, 2, 2
0, 29, 2, 2
2, 8, 2, 2
0, 31, 2, 2
0, 28, 2, 2
0, 30, 2, 2
0, 33, 2, 2
0, 29, 2, 2
0, 31, 2, 2
0, 29, 2, 2
0, 30, 2, 2
0, 30, 2, 2
0, 31, 2, 2
0, 31, 2, 2
0, 28, 2, 2
0, 27, 2, 2
0, 30, 2, 2
0, 30, 2, 2
0, 31, 2, 2
0, 28, 2, 2
0, 29, 2, 2